LHipYawPitch=[-0.009161£¬0.009245£¬0.0031099£¬-0.03830814£¬0.007711£¬-0.041376£¬0.06447005£¬-0.06592£¬0.10435£¬-0.13341£¬0.0675380]

LHipPitch=[-0.443284£¬-0.418740£¬-0.2837481£¬-0.424875£¬-0.34357£¬-0.2208540£¬-0.40800£¬-0.30829£¬-0.41107010£¬-0.38806£¬-0.3497099]

LHipRoll=[0.007711£¬0.133499£¬-0.0582499£¬0.096683£¬-0.0152981£¬0.199461£¬-0.0674540£¬0.10742188£¬-0.075124£¬0.0107798£¬-0.053647]

LKneePitch=[0.725540£¬1.076826£¬0.84519195£¬ 0.94490£¬0.87433815£¬0.789968£¬0.874338£¬0.831386£¬0.868201£¬ 0.94336£¬0.868201]

LAnkleRoll=[-0.009161£¬-0.118076£¬0.0982179£¬-0.084327£¬ 0.0644700£¬-0.18403£¬0.095149£¬-0.099668£¬0.08901£¬-0.0091619£¬0.07060]

LAnklePitch=[-0.386610£¬-0.6750020£¬-0.581428£¬-0.5031938£¬-0.52620£¬-0.5323400£¬-0.486320£¬ -0.515465£¬-0.498591£¬-0.475581£¬-0.530806]

RHipYawPitch=[-0.009161£¬0.009245£¬0.0031099£¬-0.038308£¬0.007711£¬-0.041376£¬0.064470£¬-0.065920£¬0.10435£¬-0.13341£¬0.06753]

RHipPitch=[-0.446435£¬-0.340590£¬-0.52006793£¬-0.306841£¬-0.329851£¬-0.35592985£¬-0.25928£¬-0.3283178£¬ -0.3804740£¬-0.092082£¬-0.34672]

RHipRoll=[-0.010695£¬0.064470£¬-0.124212£¬0.0844118£¬-0.18403£¬ 0.01998400£¬-0.01683£¬ 0.0383920£¬-0.016832£¬0.0644700£¬0.00771]

RKneePitch=[ 0.728692£¬0.869820£¬1.0339579£¬ 0.85294604£¬0.8314700£¬0.8882279£¬0.823800£¬0.8575479£¬0.8606162£¬0.8191978£¬0.86368417]

RAnkleRoll=[0.009245£¬-0.105803£¬0.11048985£¬-0.134950£¬ 0.173383£¬-0.06592011£¬0.015382050£¬-0.044444£¬0.0077118£¬-0.076658£¬-0.00916194]

RAnklePitch=[ -0.380390£¬ -0.489304£¬-0.4969739£¬-0.53072£¬-0.512314£¬-0.529188£¬ -0.569072£¬-0.53839206£¬-0.509246£¬-0.66418£¬-0.51691]


